name: HARNN3Lv
channels:
  - defaults
dependencies:
  - _tflow_select=2.2.0=eigen
  - absl-py=0.9.0=py36_0
  - astor=0.8.0=py36_0
  - blas=1.0=mkl
  - ca-certificates=2020.1.1=0
  - certifi=2020.4.5.1=py36_0
  - cycler=0.10.0=py36h009560c_0
  - freetype=2.9.1=ha9979f8_1
  - gast=0.3.3=py_0
  - grpcio=1.27.2=py36h351948d_0
  - h5py=2.10.0=py36h5e291fa_0
  - hdf5=1.10.4=h7ebc959_0
  - icc_rt=2019.0.0=h0cc432a_1
  - icu=58.2=ha925a31_3
  - intel-openmp=2020.1=216
  - jpeg=9b=hb83a4c4_2
  - keras-applications=1.0.8=py_0
  - keras-preprocessing=1.1.0=py_1
  - kiwisolver=1.2.0=py36h74a9793_0
  - libpng=1.6.37=h2a8f88b_0
  - libprotobuf=3.12.3=h7bd577a_0
  - libtiff=4.1.0=h56a325e_1
  - lz4-c=1.9.2=h62dcd97_0
  - markdown=3.1.1=py36_0
  - matplotlib=2.2.3=py36hd159220_0
  - mkl=2020.1=216
  - mkl-service=2.3.0=py36hb782905_0
  - mkl_fft=1.0.15=py36h14836fe_0
  - mkl_random=1.1.1=py36h47e9c7a_0
  - numpy=1.16.2=py36h19fb1c0_0
  - numpy-base=1.16.2=py36hc3f5095_0
  - olefile=0.46=py_0
  - openssl=1.1.1g=he774522_0
  - pip=20.0.2=py36_3
  - protobuf=3.12.3=py36h33f27b4_0
  - pyparsing=2.4.7=py_0
  - pyqt=5.9.2=py36h6538335_2
  - pyreadline=2.1=py36_1
  - python=3.6.10=h9f7ef89_2
  - python-dateutil=2.8.1=py_0
  - pytz=2020.1=py_0
  - qt=5.9.7=vc14h73c81de_0
  - scipy=1.4.1=py36h9439919_0
  - setuptools=47.1.1=py36_0
  - sip=4.19.8=py36h6538335_0
  - six=1.15.0=py_0
  - sqlite=3.31.1=h2a8f88b_1
  - tensorflow-base=1.14.0=eigen_py36hdbc3f0e_0
  - tensorflow-estimator=1.14.0=py_0
  - termcolor=1.1.0=py36_1
  - tk=8.6.8=hfa6e2cd_0
  - tornado=6.0.4=py36he774522_1
  - vc=14.1=h0510ff6_4
  - vs2015_runtime=14.16.27012=hf0eaf9b_2
  - werkzeug=1.0.1=py_0
  - wheel=0.34.2=py36_0
  - wincertstore=0.2=py36h7fe50ca_0
  - wrapt=1.12.1=py36he774522_1
  - xz=5.2.5=h62dcd97_0
  - zlib=1.2.11=h62dcd97_4
  - zstd=1.4.4=ha9fde0e_3
  - pip:
    - bleach==1.5.0
    - boto==2.49.0
    - boto3==1.14.2
    - botocore==1.17.2
    - cachetools==4.2.4
    - chardet==3.0.4
    - distro==1.5.0
    - docutils==0.15.2
    - gensim==3.5.0
    - google-auth==2.3.3
    - google-auth-oauthlib==0.4.6
    - google-compute-engine==2.8.13
    - html5lib==0.9999999
    - idna==2.9
    - jmespath==0.10.0
    - oauthlib==3.1.1
    - pillow==7.1.2
    - pyasn1==0.4.8
    - pyasn1-modules==0.2.8
    - python-gflags==3.1.2
    - requests==2.23.0
    - requests-oauthlib==1.3.0
    - rsa==4.8
    - s3transfer==0.3.3
    - scikit-learn==0.19.1
    - smart-open==2.0.0
    - tb-nightly==2.8.0a20211221
    - tensorboard==1.14.0
    - tensorboard-data-server==0.6.1
    - tensorboard-plugin-wit==1.8.0
    - tensorflow-tensorboard==1.5.1
    - texttable==1.6.2
    - tflearn==0.3.2
    - urllib3==1.25.9
prefix: D:\Anaconda\envs\HARNN3Lv
